0 1
51 52
1 2
52 53
2 3
53 54
3 4
54 55
4 5
55 56
5 6
56 57
6 7
57 58
7 8
58 59
8 9
59 60
9 10
60 61
10 11
61 62
11 12
62 63
12 13
63 64
13 14
64 65
14 15
65 66
15 16
66 67
16 17
67 68
17 18
68 69
18 19
69 70
19 20
70 71
20 21
71 72
21 22
72 73
22 23
73 74
23 24
74 75
24 25
75 76
25 26
76 77
26 27
77 78
27 28
78 79
28 29
79 80
29 30
80 81
30 31
81 82
31 32
82 83
32 33
83 84
33 34
84 85
34 35
85 86
35 36
86 87
36 37
87 88
37 38
88 89
38 39
89 90
39 40
90 91
40 41
91 92
41 42
92 93
42 43
93 94
43 44
94 95
44 45
95 96
45 46
96 97
46 47
97 98
47 48
98 99
48 49
99 100
49 50
1 50
51 100
50 51